4.2754578977759081	3.8985855357702599	4.2634654465062569	3.9312737723154445	4.5357698476148842	4.3438606131358206	4.983827528891613	4.7268670691724717	5.2420047352707488	5.150038524053536	5.7863329018268006	5.725596840737218	6.2831853071795862	5.9880929033750512	5.6855770887911357	0	5.8774430790116972	0
4.8453377126600055	5.683223228897516	4.9879038331976862	4.9829871317478869	5.058952323219672	5.2355252536096648	5.3274025772587246	5.3516956874526507	4.6999102491128086	5.4920897529775896	5.0197805221534972	5.8823110721033398	5.5001269712300216	0.45527545208042425	1.636503785200764	1.1301286536045103	1.6224757245951273	0.55228763709310025
4.1748675664942416	3.5653627299294199	4.6438474622510144	5.8583353617284644	5.4016045028879747	0	5.8111747078033762	0.76513984640120181	1.9152458243875445	1.4920321503742524	2.2083829540614244	1.6496179980552905	2.2398316333129005	1.2760292583109214	0.19854063722098117	0.74130567486151155	6.0565701943471764	5.8059655792139777
4.4178903283800217	5.1014405571094272	4.1283225815796731	3.0747429897046668	3.696048106853111	3.0224031695825477	3.6419343912254476	2.5699140473697333	1.5383166180619419	2.0383427936091869	1.3531969489166555	1.9433630134273043	1.3938375407117394	2.2459944653291535	2.5359705142307702	2.7473483339233189	3.1306648719504291	4.3110398137730144
3.6352147322039681	2.9446866748581413	3.718603053084383	3.8975895567322709	3.9808158786214567	4.0480956299902031	4.1340514062949802	4.3222470263526587	5.0864458939735586	4.3962859292809	4.8233207216341532	3.9787398817642616	4.6498168592645461	4.0750802528290517	5.0192725358106198	4.4100520069066773	5.3314256845976304	4.6225504358653646
3.8885580949913825	4.8041269167643907	4.1979293573685634	4.933180069839957	4.2928901395582395	5.0404715732996239	4.4169475083655971	5.2004947450235193	4.6066020924136755	5.052384355964362	3.9509578337174576	3.6403248489583153	3.5382315967022389	3.554112831940651	3.6260189517930566	3.6990959443709621	3.8005733887157684	3.8742491357840536
2.7562558378967337	2.7377274275210661	2.6034532511488573	1.8691181555380285	2.4655077424967904	1.8701614353074698	2.5032993212730603	1.9190734955748834	2.5361658278685155	1.8459298085509996	1.9340150094211059	2.8344403930220072	2.224290445043573	2.9268209127654696	2.2303497295503791	2.9385276832805216	2.3253964255132749	3.2435810049494922
1.6569666793627562	0.89583061621926485	1.958819750051674	2.9922976057679884	2.469181881085234	3.1001465973148505	2.4587705407821625	3.0687472556428395	2.5291246729079604	3.6115040168877752	4.8981160180082952	4.5220605302673507	5.1722842148251233	4.4814279146161509	4.945656067092365	4.2128209072053471	4.7352748327782237	3.9683166752170247
1.7266013013643349	2.4598530567103425	1.3529267169439092	0.25337009022759366	0.70524715590270748	0	0.49217369321383309	5.9823604049153474	6.2831853071795862	5.1222231175428137	4.1183281333799862	4.6430001629745465	3.9034974312058064	4.2722720945653663	3.2066734897572942	3.5633571800512671	2.839669717963103	3.5520064900548904
0.67291398689265725	0.64239251913818618	0.73731961477102481	1.4013771851928469	0.71053785733092889	1.234954710416841	0.49792918559336125	0.94602713925028059	6.2831853071795862	0.14763055284053145	0.97959676662714101	0.417359859113418	0.94897094860239328	6.2499152444216755	5.5738967206330337	4.5618813067701041	5.0063245349671162	4.1957136530456252
5.9551098224819894	4.8635884893573156	5.5091283615999611	4.6778902723024389	5.1300677068998723	4.4029154646054005	4.9682587154782114	4.4035645784928583	5.4253657500047163	0.38801247489630514	6.2831853071795862	0.80413221584832562	0.4009678874887857	1.4651382079035777	2.1918524572620188	3.2402324862002119	2.8163361740182054	3.6382965894708592
0.27865329242461567	0.086703924378180877	6.2831853071795862	5.9676677456897282	5.0778392527893361	5.5858583794185206	4.8875849883338063	5.3608946962885309	4.2760525055507861	3.1135487622374662	3.6119814702576813	3.0397831563659268	3.8148905198037206	3.4875383945532161	4.588832137932811	4.2568356466118358	4.9998974201994297	4.2987392861851088
1.1958046167599226	1.3713504208207585	1.4727513829901608	1.8809776454013181	2.8269946015712066	2.3338301768007863	3.0138188982775449	2.4633097502494907	3.2269401964560829	3.2808524303055631	2.5722463394593764	3.2012769087872783	2.624442342811494	3.3361330521078361	2.8859825419212042	3.6375108483088825	3.1346541317546723	3.9151566941298483
1.8287387300531113	2.8147002552826001	2.3122705115619744	3.2467904774531915	2.8323042383122341	3.5709833745458344	3.0330966437362381	3.7617661108541207	3.3895615015098586	4.6619426659387226	5.7419991211234489	5.2094901830272509	5.7386893602516791	4.9571713024567927	5.632000400625623	4.938530592917199	5.5838237227382432	4.6952515646839901
1.0087055901942854	0.30291137133737395	0.94127488688405969	0.39761619600820819	1.0771967848061275	0.48247857827753554	1.1043585644108322	0.46923505083888978	1.005828330907564	0	5.1185065300412695	5.5982604473476334	4.5814398982932216	4.3049388588339808	4.2068820576326722	4.1758750618968232	4.1654887228969715	4.1595056556957593
1.2493062520894012	1.9905199520977874	1.3801084947841642	1.9566863523837505	1.2783405649223081	1.8132583269270315	1.1097269623068295	1.6544884646395532	1.0319687899920191	1.7879142743986274	1.9671432357921457	2.0731742251729157	2.3284605193567356	3.2733444708908479	2.6638281993818267	3.3762164272556419	2.7376011670315328	3.6141951782934671
0.37520697261590791	5.7732724715167496	0	5.4410696813179635	5.9052755255637264	5.0417994989376735	5.4790932723048762	4.6375395477948667	5.1647237091932947	4.4879857262895531	5.2336737994709184	4.5268510703637448	5.325681383780168	4.7458587805008481	5.3712729651632909	4.6613808989667431	5.2074069668437222	4.3661480138316779
0.81731378291047307	1.1106413804390378	0.57039350283249812	0.64047510049960077	0	0	5.5261825162292189	5.5157917017037663	4.8726987266848267	4.9859434621277945	4.4651972568396392	4.6356724630222788	4.162093752299171	4.3638301378811377	3.8506187678776604	4.0209943299133331	3.5416067897991628	3.8703653778564533

