-0.91206754205415175	0.48704157660939607	0.80026673752386979	-0.52227094547158182	0.6860143620210446	0.94710084470102196	-0.42641522746976723	0.76910066718836789	0.84955295754419813	-0.75048625376302003	0.43055566639543691	-0.72578367606180572	0.17796861378788933	-0.76388073375802723	0.72208916058276273	1.3549272880645953	1.0088942505963017
0.94546256017402419	-1.3955131918590569	-0.34151006912794363	0.975745691145113	-1.4786408184142532	-0.16477470670264913	0.99344594266292841	-1.1803199685779604	-0.02815075499822059	0.19676988252793759	0.38298871798701989	1.5632627069562255	-0.72869585076761711	0.86331041905124029	-1.452055382813892	-0.88590501810459144	-1.6097794632453455
-1.2679233643780288	0.45023187390129715	-1.7493670221763127	-0.78018614180571066	-0.64671535574807559	-0.89720022197013649	-1.4994261170467797	0.88173876484209091	0.44390564743679234	1.2558298052830594	-1.1539411654666285	0.18893861418021274	1.5272772713784541	-0.6357592933787084	0.89128845968036119	-1.0469353643082313	1.2820487312986217
1.1061211678985632	-0.84557362778454004	0.95231463433216412	-1.2627020970539922	1.0189269854147172	-1.2301264460121699	0.46701372852425643	-1.6873529832679739	-1.2274117311992725	-1.6177439038557839	0.54249634904309019	-1.232428580197495	0.30830793380150312	1.3041842942384803	-0.6764628493656708	1.3364692349553695	0.61361752179166384
-0.94964978668678968	1.3304131681158844	0.70945726734627279	0.42764771693350834	0.55824716388401263	1.4896952192865445	-0.79047342668115061	0.64442845037341312	-1.4650224298963677	0.64665934324374985	-0.83836080507703237	1.1878239478015851	-0.17373397442160923	-1.1122203553837495	0.78107969350544126	-1.1210064501057353	-0.24585578081608542
1.1717122907542157	-1.1485821805901368	0.063705338599197775	1.2775819719609409	-1.0930715252294574	0.10611663617789566	1.4031499112232249	-0.7630578776494964	0.90893555878727883	-0.72641401604655054	1.3510952420754823	0.0628851039394214	-1.2842523431102291	0.97372788636446095	-0.96954729167358056	1.1471960047909708	-0.031287337249358768
-0.04425631180429869	-0.18426051454644274	-0.56582494516231463	-1.2216430167657342	0.86352543153255634	-1.5135051399343913	0.019905251589158651	1.066782800083325	-0.87012983061556526	1.0727748884186616	0.19093483827125857	-1.230212014330907	1.0782480305104252	0.46785931971047379	0.094564734938358846	-0.44360041814077278	-1.7513722548491193
-1.0615906585263504	1.2852863398337084	-0.93299874411422756	1.2164469173693782	0.55198839279814749	-0.21834723235753889	-0.71507328550146232	-1.5073751382378406	0.49585955717726177	-1.4459397940960319	-0.58416722142566802	0.89128763370239228	-1.2129390858846829	-0.18361005702659527	1.3418246801600262	-1.0257273572946188	0.91888231154221289
1.7667204220835757	0.72889858872918123	1.1285605667069756	-1.1540212889414061	-0.13396441393734793	1.3350561577099511	-1.0492013373935314	0.68716540442147678	-1.1672540080834406	0.37774846972406217	-1.8043144295896798	-0.70614162734913066	0.80882823565230588	-1.7378843570192208	-0.19045585545450358	0.86251799058038725	-1.1945213645694339
-0.50220274486615768	-1.9666455788812505	-1.7376950121248027	0.42033310810155616	-1.5212654336073841	-0.038501464419446164	1.3093494538356978	-0.79898628058307175	1.1873561454389179	-0.95958958469104216	0.44664002270891562	-1.8090246148848825	-0.84732390457846762	-0.80837520162672294	-0.98945001266825228	-1.4899568178972438	0.89849401707612953
-1.1615387724885289	1.4759163077565178	1.4367256396493966	-0.83268350515527711	0.75162552342313949	-1.2296282558417546	0.19131748332430487	0.43990113666457736	0.72665794512295012	1.4583836961483641	-0.71964957142972097	1.0390566068019644	-1.0902895122498291	0.77080953472990832	-1.4566489076112004	0.79137121929291454	-1.0867767028168507
1.3487868712469508	0.2308215174026893	-0.99208648324419435	1.1944896870765307	-0.61084264894680007	1.3352728939127965	0.77566171671711515	1.6262236330004287	-0.10317874720091448	-1.025410687774065	1.2683891039931869	0.75006991335920359	1.6096387190705654	-0.52283752838400865	1.0864545827583512	-0.56247792308273958	1.4908750931099273
-1.5106582904971555	-0.56636915998662807	-0.053165192635059005	0.35387842054610547	1.4044702276835859	-1.2057150818677131	-1.0569435444455493	-2.0000752891824782	-1.9101778140097876	0.48852837633871521	-1.4947086911741205	-1.6972432553648218	0.062547039538307633	1.470187133043553	-0.61972242374828612	1.5491066347496822	0.4860792274488222
1.0213659054739834	-0.99429880269205506	1.1892504521565312	-1.2855811690153593	-3.6739403974420594e-16	1.0177623050805569	-1.0177623050805571	1.4637760792307466	1.5246158542637864	-0.35774208495797605	1.9937334014788877	1.7538820146514251	-1.1223933857808039	0.071287816576313237	0.10349977269215037	-0.28143172340981132	-1.5512390418936683
-0.97327515798325059	1.2858320603266671	0.59832385071740968	0.027166200946418591	-0.58778710940559453	-1.3865014710367036	0.88480061947856237	0.049851373704785304	-1.0966286855221579	1.4057428813567416	0.67074341122439984	0.5770250821237991	0.37247829610836181	0.40438691058799159	1.5571208413744895	-0.94157705989091367	1.2765364891889799
1.0876466040313379	-1.0228902716120336	0.013453710260107346	1.4046699820382729	-1.0745658394417419	0.57753285712599989	-1.5201939394370327	-0.831728581058505	-0.52880729839313834	-0.67280342933573267	-1.8532594721376263	-0.35462735351934233	1.2995112905914579	-1.1709530820261755	-0.15617277842008306	0.14830701246498007	0.33998594231804496
-1.123488916178746	0.88488514897501491	-1.2142729771834628	0	1.1078434222865383	-0.89799651027348593	0.89821274901904213	-1.1855523857206789	0.95664903192952255	-1.2992553668542575	0.45911223713632443	-1.6418048272312726	-0.15216716522882906	1.0260317903597571	-0.99389907459978144	1.4144628983790453	0.29644353671297063
1.0546910074572291	-0.038986108955815522	0.6897525800043427	-0.82046064618075842	-0.55892855189114454	0.91612319346637261	0.075506383662308107	1.1233979769238585	0.10203770109077467	0.94898533144202135	-0.29386170880194118	0.37627563043812046	-1.1014634805319368	-0.88586390948714722	0.43767834049560717	-0.80409094482215637	-1.1398206557191093

