-0.61782441326152382	0.32613787859304155	0.54005010022521693	-0.34996380232037483	0.46142551585051139	0.64238917690751851	-0.28524284995591742	0.51852317837786099	0.57422544106893625	-0.50569531800615941	0.28803173599026088	-0.48870455055421891	0.11871544270512091	-0.5149237569414713	0.48616653548068056	0.93721072180834586	0.68596651420102717
0.64123823115368328	-0.96765569159212728	-0.22816799788681941	0.66254914352234584	-1.0307938997374646	-0.10990511105464851	0.67504129321771211	-0.80874074361233328	-0.018767445423162332	0.13127416118276214	0.2560244905913418	1.0962493939867057	-0.49070568821807781	0.58379533977770004	-1.0104822688227366	-0.59954251463663599	-1.1327891909723895
-0.87271507211140609	0.30129289804372039	-1.2451336820364869	-0.52617292125132464	-0.43455468960462207	-0.60742896538789493	5.236429503123837	0.59663601716050341	-5.9861575196234185	0.86382830140670419	-0.78965085939370261	0.12604249290880912	1.0682600253894621	-0.4270778482742148	0.60330009289530584	-0.71296160899121086	0.88311827072793159
0.75523538875524387	-0.57145988869333308	0.64605349539805168	-0.86887605542515267	0.69307318834105214	-0.84500054796207014	0.3126138880492233	-1.1946942925304631	-0.84301669417949743	-1.1390877201291261	0.36366490027488796	-0.84668359032127705	0.20590215338148865	0.89947265993958858	-0.45488702739043507	0.923442424186387	0.41198580996538192
-0.64418032623399046	0.91893535691092332	0.47749482771118412	0.28607296241243585	-5.9088385541621484	1.0392739685340413	-0.53327891215978362	0.4329935107752334	-1.0203748443128313	0.43451644889821966	-0.56644998301695415	0.81418543084403661	-0.11588748699891049	-0.75961160584394527	0.52678987535488053	5.517262873038538	-0.16408787686531223
0.80250304064129196	-0.78578198301923696	0.042473418230603376	0.87982579500382063	-0.74588486973198487	0.070759184923579882	0.97341132418143328	-0.51435650985444858	0.61563306098513737	-0.48913765423701172	0.93434838613164761	0.041926473374551909	-0.88474351008034458	0.66112676812903104	-0.65818091879933416	0.78478174984979332	-0.0208586029637019
-0.029505278114440259	-0.12291770902478305	-0.37948966864317324	-0.83880396917768429	0.58394501435193735	-1.0576095072276752	0.013270265096426037	0.72709962860468025	-0.58854411638294302	0.73137544827675161	0.1273759842881752	-0.84506309377665012	0.73528402007964733	0.31318458560882334	0.063053601347088595	-0.29682203804762786	-1.2467797217637169
-0.72339744416810259	0.8855063337728506	-0.63248917734338583	0.83501279275159934	-5.913084389874248	6.1374916620313327	-0.48134904543713386	-1.0528796029408749	0.33209703832332416	-1.0058260741205913	-0.39194886416391617	0.60329951620435152	-0.83245521210042872	-0.12248325332029086	0.92743228659177168	-0.69789540684759244	0.62259515069856031
-5.0237742105080452	0.49084502081531922	0.77135478225180965	-0.78970872752387766	-0.089339317284854225	0.92239032779990326	-0.71457384470782848	0.46221379963342346	-0.79927551506944061	0.25250256810064919	-1.2906000045310242	5.8079651210239653	-5.7372105060760781	5.0474587948611669	-0.12705601533459543	0.58324374320629513	-0.81905029989415645
-0.33638557967709648	-1.4298175386260623	-1.2355716556743093	0.28114711209561172	-1.0636067380371608	-0.025668347605158237	0.903298085835605	-0.53916442127689601	0.81384581956246649	-0.65117018583170783	0.29887112165559016	-1.294533382484609	-0.57267615635174296	5.7375241359183926	-0.67221874651155744	-1.0394748950164852	0.60833292901321112
-0.79514124570159961	1.0287070015751061	0.99882197085212532	-0.56250919475215078	0.50647981346133353	-0.844636415343615	0.12763160026502174	0.29432867069625424	0.48930526305569444	-5.267878561428204	-0.48449105302849826	0.7073596436602505	-0.74389367940613682	0.51970190613770706	5.2692017440648815	-5.7492859145895787	5.5418047723762029
-5.3505601547569048	0.15403324268226171	-0.67408087513335024	0.81902727793226249	-0.41009612607735363	0.92255167929855264	0.52304981049878041	1.145807747764005	-0.068799399503840064	-0.69767075931976485	0.87305768103239689	0.50540864790500484	1.1326779996682754	-0.35034738814259292	0.74115014420155312	-0.3772177886750514	1.0401802876612516
-1.055412069784901	-0.37985911565353181	-0.035445317246377339	0.23646951465976285	0.9744073061320524	-0.82719269277943397	-0.72008608185300815	-1.459522654159978	-1.3804895321262358	0.32714244631223888	5.2400586182774544	-1.2026796020661035	0.041701047842333416	1.0243226223774666	-0.41614455452145638	-5.1979746007582692	0.32548770422173129
0.6948021688976519	-0.67564389635461009	0.81522118624517592	-0.88572386716652562	6.2831853071795862	-5.5909375846458218	-0.69224772253376476	1.0194228166166526	1.0661992452727049	-0.23906360094916024	1.4538572963689871	1.2488412874931463	-0.76691936639749825	0.047529684796607352	0.069013543582764125	-0.18789743543169379	-1.0868711651590939
-0.66080768203010631	-5.3972763163973934	0.40157543275440666	0.018111048155184495	-0.39440951907138788	5.3223103852178264	0.59877192765656417	0.033235778815654982	-0.74843199259696647	-5.307817724785945	0.45097415736080249	0.38709568217320811	0.24896132680765726	0.27041442823784267	1.0914555196666149	-0.63850942486775586	0.87905553193667418
0.74200276762099104	-0.69588308569539459	0.0089691702372913795	0.97455801389572683	-0.73265410942912168	0.38744064571938952	-1.0627780486558791	-0.56184657340304711	5.9287954935333698	-0.45238328549631213	-1.3317645192176881	-0.23697232115812827	0.89601477625673276	-0.80195326382171839	-0.10416226829002007	0.098911657703788514	0.22714529496338276
-0.76770697766422002	0.59883090432442732	-0.83342758950097628	0	0.75647073458224257	-0.60798531007998724	0.60813639851275547	5.4706487336301208	-5.6340838302161691	5.3873598237967366	-5.9759029774849903	5.1249915746868879	-0.1014883261125421	0.6981113824059042	-0.67536145355760446	0.98195384163052779	0.19795206435389279
0.71848174997441472	-0.025991470910560643	0.46398587682231396	-0.55403251781727869	-0.37480909686817299	0.62066316711852565	0.050342905167567231	0.76764159380703489	0.068038256759330729	0.64371335998047208	-0.1962224544983675	0.25151282859107038	-0.75189601702166131	-0.5995138297217375	0.29283069689296504	-0.54269591242856752	-0.77946333563659076

