0.34403995168146428	0.53533333956330009	0.63174728539280578	0.65922054877743463	0.63293703759314324	0.5506781499167247	0.41059182712151354	0.27077979071875574	0.31549548146717454	0.38587648076665237	0.40489123473101035	0.38145522862988734	0.34446990823138596	0.33220456642936658	0.28940128612253269	0.17973803374582334	0.034968100148403916	0.099600838732698607	0.12939979953027442
0.18458244382774991	0.32025985674485008	0.40140473058074788	0.42601393039539759	0.39180857788625933	0.28454329962359287	0.059783157736223967	-0.23843688889513276	-0.022839560514193995	0.12760529143238064	0.15593649762956707	0.087513882437198404	0.0011657471337974618	0.03910126816879482	0.029690058508767964	-0.1218957335465401	-0.48520041520143931	-0.18887047300267598	-0.032261732931217701
0.083104853038576273	0.15483076550356722	0.19278680759509467	0.2115364635749325	0.19066487385625178	0.087542344641447556	-0.23866324758196678	-0.95246963109139415	-0.26027319848134423	-0.023538907259725766	-0.02581131101300586	-0.18509579780545299	-0.44812708833276399	-0.20712610458253963	-0.098079562529486117	-0.18822509313790337	-0.98623128868393251	-0.33211830041924051	-0.063650503772575764
0.019835483566773442	0.015496359776293423	0.0025906508260828149	0.024291042461294279	0.058154953317862655	0.12345272101478855	0.33781917893203239	0.99929965667418119	0.41530650453735568	0.099512482839723165	-0.057849826690431573	-0.37107394466307819	-0.99218196410028903	-0.3160451388028766	-0.01638077882330741	0.3049631492849213	0.99617298877540883	0.39520785004270731	0.11617545448274486
-0.021026283556955409	-0.11350335182814399	-0.22469417161936825	-0.1733777710346098	-0.1220103684916472	2.4492935982947064e-16	0.018165903538131342	0.43167320024664008	0.25881017839829629	0.10709637788997249	0.12842280213122045	0.42023921035397521	0.99558860824095297	0.27658713034854349	0.041029984246715924	0.19343082708317816	0.50641629327515014	0.28722749583592228	0.11896014174509528
0	-0.23429801489291979	-0.58364033790431258	-0.36109560827727616	-0.2577739846931999	-0.29524306038746706	-0.49665314585751241	-0.10936151897777674	0.0036848747642253348	-0.0088232357161130617	0.057676878611893766	0.23410836551645003	0.45063040768202761	0.05756381074052172	-0.29856475172044927	-0.081338294358820895	0.12752350158230022	0.12844654620170079	0.064286494137990244
-0.058745433343472798	-0.30412144507149402	-0.99905708955666939	-0.4194268387492025	-0.24583395156721116	-0.41117553717523908	-0.99705318107578667	-0.36366242199256671	-0.15102654776568133	-0.148060998412717	-0.17466501728939096	-0.0097275450307636579	0.077442931942063573	-0.20204620580746593	-0.94697080295409852	-0.33516010638687599	-0.045925193875558316	0.022371214056160205	0.019982163875723765
0.10038684619011576	0.3740339795759034	0.99963882710721441	0.34373629602076761	0.11369364573301081	0.28503378682319858	0.97106915153517748	0.30423782205473099	-0.04045737378990899	-0.28477205221801821	-0.55240712112371038	-0.19763235290117473	0.082813991415936539	0.37476926685358469	0.99831356294710272	0.36620922649674426	0.049184155848836224	-0.0041598513762491742	-0.011071638712566625
0.1011367476979429	0.30210971933105946	0.57949467487605677	0.269515067650546	0.068917350055770349	0.071749780250162584	0.35473725945220297	0.14708671864612841	-0.063984439278260904	-0.37374007629970257	-0.99790533544529658	-0.29816218616432238	0.038380327392725878	0.26073199014649012	0.51094178167040649	0.14721650285273991	-0.1487091412336202	-0.07744634284502562	-0.066928461448303944
0.058086498211854298	0.14567090253740378	0.21954022055418704	0.05686859763998104	-0.18036611243630893	-0.41003972959742835	-0.10039197253466579	-0.010652051480881761	0.035774305116266884	0.27935318750354332	0.98314153004065818	0.35283081538964056	0.13193202966795983	0.092160771228924826	0.089880152391104681	-0.16494186579871817	-0.6411066029688961	-0.10710819379111478	-0.1883967955360345
0.011108306940481264	0.031357100654981616	0.036493701055975804	-0.072514027018614133	-0.42247358480262603	-0.99411353677119985	-0.32471715685687835	-0.12445113495131067	-0.073788610928793685	0.037256227332163376	0.36709835451087053	0.18382363072108024	0.016508261642390474	-0.087271430805336822	-0.11093973472781768	-0.2406885859733589	-0.71841615675761361	2.4492935982947064e-16	-0.059292019076592484
-0.043173487929883007	-0.068967951689626231	-0.023341071491484521	0.084897466674088776	0.40688303443697926	0.96090867204781349	0.21855652121035604	-0.06969911132456906	-0.23612554754212575	-0.42773874117246924	-0.099215018718288028	-0.039118633094240914	-0.14210597435357422	-0.3331932954591515	-0.20907804116650447	0.21713217656116679	0.94968502592796744	0.36846204358903145	0.094040162449393075
-0.12923370361557548	-0.23838113128195235	-0.15551476320968471	-0.016002780342116635	0.15782563683154241	0.32181543719608646	-0.0001750966220105591	-0.14117505025604948	-0.36685112431942463	-0.99186170897804804	-0.32703381568340495	-0.082595512434866125	-0.21153409189816094	-0.78910970407880343	-0.58513788765555597	0.054157908391966839	0.40023651497304585	0.22661222920933641	0.094953018352063684
-0.24550191377957706	-0.57245052218509318	-0.3491275046959656	-0.15564556331034934	-0.07727592882891153	-0.14246390153777466	-0.3866805908094082	-0.12710818754913544	0.24957700870251456	0.99930552852172161	0.4583874765571101	0.24692718953342052	0.36439162777421191	0.96811956288772971	0.45709047745831732	0.22590892272018134	0.089897636087625105	0.058234139698093663	0.024399434518289326
-0.2878020526861107	-0.99970423086967475	-0.49092183766458108	-0.17501176360404572	-0.14455211330311504	-0.4332056072196494	-0.96374932279279357	-0.23727610830955911	0.13188606461781063	0.50575172740986674	0.33117806676264094	0.24509306529694352	0.28842766924457458	0.74137327880026993	0.33423832445714974	-0.0035591975827874698	-0.31867476483541457	-0.14749535374906181	-0.03861767846396609
0.27012096881503683	0.98493665413215681	0.46697292128268519	0.14897214242490017	0.16237316530303256	0.49329092368418126	0.9919576181065759	0.26319971465675313	0.017551929874068319	0.09389383210312699	0.10347817418695789	0.11791335276402196	0.18417368247651736	0.32341364458744881	0.14677304942975633	-0.2567268366807951	-0.9449603959713585	-0.27194719137883899	-0.057321553643168627
0.2025748451258535	0.48735216910016838	0.2907921511010334	0.12956973344526007	0.12221445397333901	0.27700602961907694	0.43350423687265649	0.0076697738588119447	-0.42204928171062861	-0.2580976034585859	-0.12718543504310506	-0.058743772406660101	0.0074408351201474144	0.14923578336508167	0.21998072424246801	0.46635713193245371	0.99056362786815622	0.33202009762527468	0.089850329067088064
0.053757218385763125	0.11239366568375188	0.042351419553505076	-0.03244604696863998	-0.040228865122428258	0.019432508164405584	0.032942967938833452	-0.26374251947618155	-0.99775043145863274	-0.53881028880817383	-0.27414208851850841	-0.22395075762518707	-0.24684417643989195	0.048512457722837091	0.082835482584931661	0.26108092798059723	0.54037155188358077	0.23554450550244835	0.072432472917871651
-0.098240703241769353	-0.16051012724297192	-0.21974888410884866	-0.25550784849841979	-0.2476128703780881	-0.18657456747709408	-0.054216623844760024	0.2165983861638211	0.91094602944758929	0.27366259692303962	-0.14839570711776653	-0.31182570738684279	-0.35137695850902267	-0.26509402819340622	-0.1855465970635489	-0.077848080434947772	0.035796086386710245	-0.014159089486865076	-0.039473990547533228
-0.28302760569766178	-0.42024336534068885	-0.4897005675808514	-0.51225692654768362	-0.48599227963295777	-0.44622612690397029	-0.29583340906147848	-0.059394247874953808	0.23350625947385809	-0.05067427932967216	-0.34074143898824416	-0.50990968530901493	-0.56756129445077752	-0.53638216658137983	-0.48009053105800314	-0.4021779160850647	-0.32932758145425522	-0.29601331533271374	-0.21801465866882955

