-0.34878429987247594	6.09952583108646	12.474506530599962	18.817630646223812	25.151810507682079	31.482945314002038	44.085363442776654	50.335958510425641	56.43487878968584	62.704937755820751	69.050613485480341	75.404208358575204	81.714343556294381	87.977714497675237	94.292065082784418	100.64203747662651	106.95299696969869	113.02530865458787	119.34940987802008	125.8012581504218
-0.5607258063503151	5.9507072864864456	12.39403892902827	18.788869597504032	25.175813293608645	31.578935447655265	37.991939264689975	44.305010622366403	49.898403237686409	56.271818912590575	62.734202946127994	69.165692560803095	75.505776511844132	81.65382084904266	88.019952439018454	94.505899792678804	101.05262407600109	112.71934965265548	119.18469224804102	125.76714528963234
-0.67898631191526149	5.8715289322757362	12.345449032203502	18.767917512530438	25.192943483481663	31.673171136683486	38.323164332633176	45.522631584045818	55.005977768972265	62.31144189532607	69.048539707607404	75.630351014104718	82.050234358602609	87.683112378358189	94.184070036483149	100.87980529056397	107.99293891978721	111.54384537130446	118.90256721792902	125.69657843589742
-0.69969485745725357	5.8733197955929741	12.357953599800243	18.742613045807957	25.157940530834594	37.874502192388313	38.081427682841735	44.368874962485158	49.820876856086471	56.268266621970199	62.889770600527882	69.690310461698942	77.118063924146981	86.654445721112154	93.87012391680824	100.5414262040409	107.04006355796894	112.70168535275478	119.20060161938251	125.81728502538645
5.6252063297798669	12.260113433663268	18.751244770101913	24.968548599011392	31.387243718142027	31.579535196497794	44.176889864687155	50.252863779004485	56.310815473412234	62.66658941890816	69.164343171556467	75.707152898701253	82.123624593458857	87.728143160787482	94.119377209844956	100.38902651531335	106.72681971736421	112.93754702479171	119.38889757993721	125.94786518595629
-0.27712880554665009	6.2779711905756388	12.819330827021517	18.442188931498809	24.992696861121019	31.618913797107339	38.108759696074401	43.594792196559929	49.946055653306992	56.404643391124104	62.878738639338742	69.259343459873065	75.627193686269905	81.851122122279889	88.203958976565772	100.16053836367718	106.51407072453341	112.95413695029907	119.46158691080707	126.03111881867889
-0.20981384954464577	6.5634009195813352	13.869651173808485	17.412244543472298	24.809830410971706	31.786029654845105	39.112693884045783	48.703826383537205	55.999040382604605	62.724057884422336	69.197775901629541	75.401971523880107	81.826636448624683	88.445904111569121	95.647378040589089	98.850626597402126	106.18121299906666	112.89023763019368	119.4775839570341	126.06040786894467
-0.28515723393639636	6.3294757743930967	12.866905128832315	18.5012192772658	25.037095227356239	31.606006499837704	38.002655578506747	43.649499880403681	50.101863237718149	56.692182748412378	63.211792602474098	75.05857371709692	81.568628348514068	88.13798843225274	94.631500153628352	100.15277850109712	106.53947932111404	112.95489181326748	119.49540697509948	126.05337958152826
-0.40745442785379371	6.1632340937102121	12.616399427042072	25.116698668627151	31.514587804477085	37.878136397700075	43.997706561746739	50.148391420130139	56.603996130461802	63.317685520069695	70.597723245977619	67.667680207192916	74.944920932804322	81.652728242304207	88.095118907063338	94.262719768456634	100.563146449614	106.63034917414343	113.21443836499024	125.98895201848435
-0.51511036615090156	6.0517582276878947	12.550808665221112	18.979846573667867	25.464248821762233	31.823314062394552	37.397451040855231	43.781179023245933	50.280935900447226	56.785177495257393	63.153201205135169	75.039237790408293	81.477397255011425	87.975467742157804	94.409672684399197	100.82238177356325	107.35888488322014	118.61181885721507	119.04982687287635	125.79390878243633
-0.54552175975603756	6.0140620641590434	12.527556348909984	19.081590621982873	25.853047403543989	33.32213863135032	42.688523554802181	49.853450474390243	56.522348723849518	62.971707023558331	69.106331813545367	75.244944912682456	81.634820601365931	88.089602202977417	94.451175686092256	100.96559145967086	108.04142155101268	111.96441415179652	125.23883285490021	125.72303295835536
-0.48775620489967464	6.0397138132681176	12.481917242484414	18.96299116943166	25.475867193615002	31.829195496052726	37.480455332397803	43.873824522132935	50.415811208141399	56.892445303422583	62.505184267388579	68.885278968556491	75.455597142972891	81.998920766133935	88.043130170419587	100.52577673431541	106.97496483327704	112.74839030744394	112.93032815559604	119.54512438546932
-0.33996076528273456	6.1554772515324219	12.400563696894547	18.813951644340815	25.287553430877679	31.665591352381689	37.80887405485003	44.025898950113543	50.653973502653173	57.895718071765991	67.486252923086042	74.909475260263775	81.855552208244305	89.0555552150213	98.402773916464085	99.833239143709335	100.33762466769345	106.62974818328242	119.35648185546202	125.89966669799318
-0.094704726211796597	6.4752809697289049	12.152177483887163	18.609549055530945	25.203791557711735	31.749963557599187	44.341931982134746	50.052125267568961	56.553896589013434	63.047803868372817	68.658410624526937	75.133661739923028	81.745648731137479	88.279132883570043	87.620960047467946	94.100915098030057	106.76654449207794	112.96607356802144	119.37365028602026	125.92450041710947
0.17772479261639118	7.3570537244845573	16.91441444566269	24.52730569998495	31.466631421584268	38.38866627077855	39.683275624292122	42.758570497291629	49.878348053047347	56.377508730091769	62.55516721521542	68.935158399979088	75.419610298641814	81.926136353937352	94.317421342864037	100.73780884960298	107.0956133246589	112.79635008892294	119.28284890275863	125.87800246600612
-0.095749853851906597	6.4485973176765912	12.174524172369278	18.597593679713267	25.191879258685965	31.765184025105683	38.143871125183757	50.045428028469765	56.40063978305794	62.561261617747171	68.820055972894224	75.202740654291318	81.639654001777131	88.075743079027987	94.510082910898163	101.19845169567651	108.55713314086876	111.83358333413992	119.0613228653408	125.82252679224754
-0.29840365472349095	6.1652721903722227	12.382728247815164	18.743916946142093	25.195409431297868	31.646528220815203	37.999164420765752	44.197614843332438	50.536924213752172	56.08279995033967	62.388707563869886	68.852420184018271	75.299210749938837	87.93941212493344	88.168842238960494	94.643857307584668	101.03671020309102	112.79637070859887	119.30958442389425	125.90598798801567
-0.3581671282199661	6.1035295812185897	12.443569738874963	18.793527864070768	25.181485926316242	31.585389300892906	37.992160511253815	44.5188476324726	51.617955740996479	60.881114699817438	68.341217141854912	75.083848093111143	81.606479735821907	81.827554558263927	94.407786191460929	100.75210686426153	107.0239174100564	113.10272179558577	119.46466270409056	125.96656176706222
-0.26826338239612291	6.157065983666536	12.498439213212171	18.822129248169048	25.156570831470848	31.51316753311303	44.135362550092644	50.503157179208671	56.839278439310291	62.543268236339244	68.829252571991162	75.244372244830117	81.640285661374733	88.009665550014162	94.325701676151567	100.62545112436733	106.90336293840292	113.14584713211752	119.47336976193614	125.90695354990626

