0.35121612865644369	0.5649023502149455	0.68380520144345303	0.71978171556857085	0.68534098187910164	-5.7000088565305935	0.42310302929130356	0.27420299252937808	0.3209787579075557	0.39615769669156942	0.41685987576998595	0.39137004898256444	0.35167407673231788	0.33863992435093193	0.293601299075541	0.18072014163342587	0.03497523038495931	0.099766257069943798	0.1297636663199544
0.18564698890002607	0.32600377901309541	0.4130500463519482	0.44008230631148448	0.40259651748370961	0.28853000152866315	0.059818826224944388	-0.2407559989257777	-0.022841546672881741	0.12795415563580725	0.15657547814948458	0.087625975986382443	0.001165747397832817	0.039111238744759191	0.029694422202279469	-0.12219963600975525	-0.50659235544119596	-0.19001179021320702	-0.032267331993688586
0.083200811021433729	0.15545615083956577	0.1940014441123572	0.21314673170074627	0.19183940081497752	0.087654547848016406	-0.24098908681398079	-1.2612426543211195	-0.26330514248407266	-0.023541081542126863	-0.025814177890763013	-0.18616934368794968	-0.46466918611898178	-0.2086364419948053	-0.098237494852729923	-0.18935462340280168	4.5462539504978405	-0.33854846554303286	-0.063693561117738717
0.019836784497078597	0.015496980051977971	0.0025906537239381855	0.024293431936619481	0.058187783301449914	0.1237684730823494	0.34459889388331155	1.6082242598899732	0.42827971315438296	0.099677460023855247	-0.057882142108815593	-0.38016526990541211	-1.4456704370787405	-0.32155805458519993	-0.016381511487276734	0.30989973510509672	1.4832811312997487	0.40629411036617036	0.11643838613528867
-0.021027833168046794	-0.11374848645610502	-0.22662917098370422	-0.17425835375209392	6.1608701741398173	-6.2831853071795862	0.018166902811380642	0.44634688277593837	0.26179020832275601	0.10730216786619129	0.12877844834688223	0.43370892182727361	1.4768320891710867	0.28024087039552237	0.041041505030027459	0.19465781831778717	0.53102365537024854	0.29133110627855041	0.11924252142384795
0	-0.23649642073281107	-0.62320461278957939	-0.36944250533681267	-0.26071761821976747	-0.29970990970558553	-0.51973845358663961	-0.10958069353166433	0.0036848831033333695	-0.0088233502008550069	0.0577089047763093	0.23630134586951534	0.46747138578437486	0.057595648737642335	-0.3031884602169459	-0.081428250346698761	0.12787169208240989	0.12880239070869237	0.064330856727555563
-0.058779274593064201	-0.3090160550022869	-1.6142257790276409	-0.43281384642995668	-0.24837995294879445	-0.42374328145388063	-1.647585223816463	-0.37219650749995314	-0.15160664979491023	-0.14860737270156821	-0.17556554540473102	-0.0097276984490024532	0.077520551079024558	-0.20344676769183517	5.0395116561791031	-0.34177516020580878	-0.045941352867274077	0.022373080501329135	0.019983493884001113
0.10055622381756368	0.38335492850950992	-4.6855116800791841	0.35089275035410283	0.11394002020925176	0.28904167703143768	1.3296680049596104	0.30913822085209564	-0.040468418692534147	-0.28876862620970822	-0.58524919386953078	-0.19894204441978713	0.082908943308126037	0.38414789061276977	1.6288809422767843	0.37493197074337647	0.049204007544408235	-0.0041598633736059654	-0.011071864920808139
0.10130996143170368	0.30690501223337563	-5.665076802361054	0.27288942972919139	0.068972021975366005	0.071811484985118579	0.3626330361411928	0.14762230745121752	-0.06402817871365718	-0.38303804286333965	4.6476526500379345	-0.30276668371799786	0.038389756331455693	0.26378034127301841	0.53628001903019484	0.1477535200449589	-0.1492627710175034	-0.07752397225696761	-0.066978529207391446
0.058119212280356436	0.14619107484988358	0.22134316850867108	0.056899294863770322	-0.18135865551699037	-0.42249762168358185	-0.100561376190754	-0.010652252932469963	0.035781940178883254	0.28312041232922969	-4.8962696594621287	0.36059477117805616	0.13231779511599806	0.092291735316786916	0.090001609708128649	-0.16569906951302327	-0.69593931720341218	-0.10731405212550438	6.0936558535713443
0.011108535403799635	0.031362241667747703	0.036501806240071488	-0.072577727757214383	-0.43617268560002209	-1.4622399139382627	-0.33071266451540104	-0.12477464644653002	-0.073855735726300331	0.037264851491652262	0.37588765509564359	0.18487496506582524	0.016509011547038099	-0.087382593157191657	-0.11116857184317341	-0.24307523057146962	3.9431153860761747	-6.2831853071795862	6.223858492415947
-0.04318691139647246	-0.069022744296664218	-0.023343191402396268	0.084999783088553826	0.41903927149095388	1.2902657387982392	0.22033498435731236	-0.069755667702610324	-0.23837670673283284	-0.44198962923665963	-0.099378516482634183	-0.039128616966053187	-0.1425886575568196	-0.33968838075772112	-0.21063206897991726	0.21887559005499746	1.2522287161446704	0.37735412520874423	0.094179325155734794
-0.12959616394403328	-0.24069858579572179	-0.15614853517050564	-0.016003463443452492	0.15848830321332352	0.32764630442795761	-0.00017509662290526862	-0.14164825240949819	-0.37562188216699655	-1.4431299359860197	-0.3331630860300856	-0.08268971326499841	-0.21314430511113236	-0.90935824718741842	5.658135224200552	0.05418441830127918	0.41177491959622525	-6.0545872973545141	0.095096284313645404
-0.24803741784422995	-0.60949141114894934	-0.356639858439594	-0.15628094762193956	-0.077353045998016068	-0.14295026381906228	-0.39702947207473982	-0.12745297058522342	0.25224341623047009	1.5335256446186829	0.47617998043229237	0.24950796400017294	0.37297943095051611	1.8239811835400088	0.47472118073044545	-6.0553093284299582	0.090019164469846535	0.058267104109744727	0.02440185612943202
-0.29193099261888156	-1.5464741677060441	-0.51314755751116792	-0.17591771615649998	-0.1450603168259138	5.8351388900011383	-1.3007154573558761	-0.23956091985610151	0.13227142487450294	0.53025313005745556	0.33755182511302095	0.24761568449925608	0.2925843126677421	-5.4480709232774398	0.34079696057718989	-0.0035592050974160294	-0.3243310303019924	-0.14803544860679974	-0.038627283496733278
0.27351866853393147	1.3970072827567366	0.48586442609573677	0.14952873472746475	0.16309526165301858	0.51586897279935151	-4.8392998550717188	0.26633736518426443	0.01755283120357487	0.09403234446575337	0.10366373916133642	0.11818831244661276	0.18523109724793541	0.32933479493388607	0.14730519660078256	-0.25963400075684806	-1.2374735367532972	-0.27541590548646278	-0.05735299096460833
0.20398656934707615	0.50905486673407019	0.29505466272437175	0.12993504298481184	0.12252075735738455	0.28067680216206536	0.44837777749893615	0.0076698490570947797	-0.4357046048225488	-0.26105257110254865	-0.12753085015692633	-0.058777610782925649	0.0074409037834382019	0.14979535608870886	0.22179471066376966	0.4851681737200515	-4.5749026141974758	0.33844435499906012	0.089971665226760811
0.053783143727436755	0.11263165346165849	0.042364090335946347	-0.032451742574763021	-0.040239723840635566	0.019433731397257237	0.032948929350273826	-0.26690005123852689	-1.5037081389503988	-0.56902422828768917	-0.27769750072389188	-0.22586631557772507	6.0337630080626949	-6.2346538005995962	0.082930508572591266	0.26414179851105024	0.57087862059504646	0.23777879957907777	0.072495958632802893
-0.098399417549360546	-0.16120745959732163	-0.22155705518360236	-0.25837295104464286	-0.25021561997932129	-0.18767432895719449	-0.054243220146292126	0.21832878657000343	1.1455715491552083	0.27719894303443526	-0.14894582018302627	-0.31711394358231981	-0.3590414402106199	-0.26830143811795937	-0.1866280893421528	-0.077926926409436215	0.035803735409068116	-0.014159562631491873	-0.039484249110912639
-0.28694932220205449	-0.43371350076704007	-0.51174629094207846	-0.53781063845819455	-0.50749818905249244	5.8206414173070611	-0.30032786174561554	-0.059429224043726414	0.2356820754688087	-0.050695992028994219	-0.34770541805943012	-0.53507979775306058	-0.60354082228653905	-0.56614458269591372	-0.50075791184174356	-0.41389438308918924	-0.33559134159168513	-0.30051620352822672	-0.21977973185616273

